-3.082066495277292962e-17
2.316382582199335849e-01
4.391169454744092704e-01
5.408730308876282811e-01
5.769053121231041414e-01
6.395059191843803781e-01
6.788438680932412650e-01
7.322240930495866884e-01
7.411858986225243751e-01
7.782918423866860280e-01
7.974893489290940662e-01
8.215879070161613562e-01
8.352375927307567061e-01
8.484310379412444147e-01
8.523355839175486004e-01
8.657612582052300887e-01
8.986747154764682666e-01
8.999632615914870959e-01
9.206116237939999669e-01
9.321897703299656390e-01
9.359161654384954288e-01
9.438493741671387660e-01
9.477662356833280732e-01
9.565598480233360457e-01
9.583894848938325772e-01
9.646940387739805223e-01
9.747790840791797917e-01
9.784726169633530812e-01
9.857527530604105470e-01
9.902253186944369734e-01
9.961451208000092761e-01
1.001640766201590260e+00
1.002368219454587539e+00
1.006174387664352965e+00
1.014446839841345316e+00
1.015969979585143124e+00
1.021448747696472870e+00
1.023564558902487986e+00
1.028942183032176327e+00
1.035789546205293510e+00
1.041270402714150611e+00
1.045850798386762648e+00
1.049720267400870544e+00
1.053441449028622134e+00
1.059022682883669297e+00
1.064029548059469921e+00
1.064918419436014840e+00
1.072759879274022277e+00
1.080245744033101030e+00
1.084388803793977063e+00
1.085117781003876569e+00
1.090175567213761409e+00
1.092483142191230883e+00
1.100246292464523101e+00
1.101675694040247677e+00
1.102463920744751968e+00
1.112240586805242071e+00
1.118536190436390854e+00
1.119758528925822061e+00
1.125579479487048173e+00
1.129473693378745258e+00
1.134078957737251869e+00
1.136519637549310291e+00
1.143527441578998216e+00
1.151166963844399760e+00
1.158555518926631445e+00
1.161270504340874865e+00
1.166794712338396378e+00
1.177053753423965787e+00
1.180968477519852566e+00
1.186495397555829445e+00
1.189076691555491339e+00
1.192315059819047951e+00
1.200390725720490215e+00
1.211389587040761384e+00
1.218413670892242617e+00
1.229726837231581715e+00
1.235039668337150509e+00
1.241831888393129191e+00
1.251548513721314926e+00
1.257036216436266285e+00
1.276823794665427725e+00
1.292814572534883855e+00
