-2.329103320728530119e-15
1.915280191267308307e+00
2.761915332005042245e+00
4.214261761495065706e+00
6.408661727488573767e+00
6.647072718331123120e+00
7.061793024064825453e+00
7.556144715029625480e+00
8.639355174118684033e+00
8.720837070382541967e+00
9.034839320431460763e+00
9.532060133242064026e+00
9.976954318037806857e+00
1.063713486816612530e+01
1.144045606277125771e+01
1.158239475099831672e+01
1.171875730616540956e+01
1.184499744143235311e+01
1.210773364088229087e+01
1.224446634671047818e+01
1.386029358165759007e+01
1.400940500846012782e+01
1.415432137891573383e+01
1.434473976014575136e+01
1.463102719340229996e+01
1.511427881699101405e+01
1.555258669114188663e+01
1.618865635609474651e+01
1.647929358047241877e+01
1.665946067885581883e+01
1.671738448970037183e+01
1.698556472041336463e+01
1.729361343543212470e+01
1.734753959264006440e+01
1.747993366683020611e+01
1.813258245625045717e+01
1.823439410707865349e+01
1.891641699650143238e+01
1.897366668829268477e+01
1.910929408568224019e+01
1.947990111673761504e+01
2.025474025740941286e+01
2.049703191505193445e+01
2.080639062365902348e+01
2.089667411566949085e+01
2.129127535930068760e+01
2.161394470052433192e+01
2.177462927087213629e+01
2.201935927467174636e+01
2.212628825250381581e+01
2.304562852897074521e+01
2.333407705241808472e+01
2.372886461433935779e+01
2.400581388133796779e+01
2.418397107850102401e+01
2.433024056397271906e+01
2.458248735302601418e+01
2.512995018961550642e+01
2.530749950690667660e+01
2.561164852800465042e+01
2.632902900748445063e+01
2.645824002022937904e+01
2.701873065378604721e+01
2.744905013569223229e+01
2.757874255266196428e+01
2.827306121034904152e+01
2.842114078282425638e+01
2.948746125359005177e+01
3.006595810477990938e+01
3.041321605291589592e+01
3.099521058589947131e+01
3.136478822925693066e+01
3.209975228623964938e+01
3.259579590008226546e+01
3.328363821582769333e+01
3.373903543011692108e+01
3.555963127445332361e+01
3.606585302345300192e+01
3.686390500122460878e+01
3.992378051652228521e+01
4.083975755395061924e+01
4.157361774784311592e+01
4.535061908934473252e+01
