-6.210620630865709479e+00
-5.838093386138247354e+00
-5.316985157529207306e+00
-5.096293530257734794e+00
-4.858230246742698100e+00
-4.620387666508897873e+00
-4.510432171661205913e+00
-4.392305455192436092e+00
-4.194766059509035472e+00
-3.873440402810659489e+00
-3.822540239653582805e+00
-3.710773728352796841e+00
-3.469334209669058033e+00
-3.309744523616771961e+00
-3.296988905960437588e+00
-3.207633719299974207e+00
-3.044426990334449190e+00
-2.948427550152120880e+00
-2.818055161070336379e+00
-2.743012328617207007e+00
-2.602497506489185319e+00
-2.556576502494232628e+00
-2.409427090603089461e+00
-2.222860846895188036e+00
-2.188612273106708361e+00
-2.115959106877536744e+00
-2.032890468090120972e+00
-1.933940056039470834e+00
-1.896767182502566484e+00
-1.748578400500032659e+00
-1.690714303848659616e+00
-1.625764917614176630e+00
-1.530797889669045508e+00
-1.437632134935078243e+00
-1.361663753275912381e+00
-1.312617246815384942e+00
-1.259539039576414332e+00
-1.114135737062176057e+00
-1.053245510981655420e+00
-9.645031149991615260e-01
-8.712274434329815298e-01
-8.469701512535970922e-01
-7.621195811678455057e-01
-6.809058884280104751e-01
-4.721311471410504779e-01
-4.212723373475032451e-01
-3.426001485842639638e-01
-3.074318742395545367e-01
-2.350275827870381695e-01
-1.007179173690170154e-01
-4.588546528564006743e-02
-3.160252408721776068e-02
6.923234749644593955e-02
1.707922238923272606e-01
2.533623864544696791e-01
3.202676159463995753e-01
4.658396596459716266e-01
6.600044929965127594e-01
7.815055630799798703e-01
8.692229166994124290e-01
1.057431866978262081e+00
1.091075551194803372e+00
1.119366666512033426e+00
1.274203562615923158e+00
1.496625394109950546e+00
1.572202232077946515e+00
1.830585019060818608e+00
1.850093822636128982e+00
2.452908111519005896e+00
2.479048270928696507e+00
2.958743060415326198e+00
3.229360389489434269e+00
3.368519331977010367e+00
3.827649102162591355e+00
4.335628955744497581e+00
4.699733674074298762e+00
5.583035740736068675e+00
6.462163724971002665e+00
7.484655382023313486e+00
8.790664235395208692e+00
1.057188234615495581e+01
1.616341658657080771e+01
2.416988697388248042e+01
